RFM2g Performance Test (DMA Threshold is 4)
---------------------------------------------------
   Bytes     Read IOps   Read MBps     Write IOps     Write MBps
       4         23680         0.1          22038            0.1
       8         24082         0.2          22095            0.2
      12         24023         0.3          21983            0.3
      16         24012         0.4          21982            0.3
      20         23988         0.5          21982            0.4
      24         23988         0.5          21982            0.5
      28         23967         0.6          21982            0.6
      32         23969         0.7          21981            0.7
      64         24080         1.5          22143            1.4
      96         24040         2.2          22052            2.0
     128         24034         2.9          21975            2.7
     256         23317         5.7          21546            5.3
     384         22094         8.1          21091            7.7
     512         21269        10.4          20471           10.0
     640         20252        12.4          19523           11.9
     768         19009        13.9          18859           13.8
     896         18605        15.9          18497           15.8
    1024         17966        17.5          18329           17.9
    1152         17437        19.2          17633           19.4
    1280         16976        20.7          17202           21.0
    1408         16579        22.3          16654           22.4
    1536         15960        23.4          15941           23.4
    1664         15516        24.6          15193           24.1
    1792         15089        25.8          14701           25.1                         
    1920         14656        26.8          14184           26.0
    2048         14269        27.9          13803           27.0
    2560         12810        31.3          12101           29.5                         
    3072         11767        34.5          11039           32.3                         
    3584         10828        37.0          10115           34.6
    4096         10104        39.5DB CA Link Exception: "Virtual circuit unresponsive", context "192.168.21.150:43863"                                                            
DB CA Link Exception: "Virtual circuit unresponsive", context "192.168.21.150:48915"
iocClockSyncWithNTPserver: sntpcTimeGet S_sntpcLib_TIMEOUT
           9364           36.6
    8192          7853        61.4           6954           54.3                         
iocClockSyncWithNTPserver: sntpcTimeGet OK
   12288          5037        59.0           5337           62.5
   16384          4536        70.9           4403           68.8

